[gd_scene load_steps=6 format=3 uid="uid://cmhxqib8aknql"]

[ext_resource type="PackedScene" uid="uid://crqivmpmdpmfy" path="res://blend/Rock_1.blend" id="1_wjjfs"]
[ext_resource type="PackedScene" uid="uid://b7dyb8ihuciar" path="res://blend/BirchTree_1.blend" id="2_2haqv"]
[ext_resource type="PackedScene" uid="uid://4ee0d2m2vci6" path="res://blend/PineTree_4.blend" id="3_vfwnh"]
[ext_resource type="PackedScene" uid="uid://da3tomhrmwxft" path="res://world_environment.tscn" id="4_abgpw"]

[sub_resource type="StandardMaterial3D" id="StandardMaterial3D_iq4u3"]
albedo_color = Color(0.309804, 0.290196, 0.0784314, 1)

[node name="Props" type="CSGBox3D"]
use_collision = true
size = Vector3(1000, 0.002, 1000)
material = SubResource("StandardMaterial3D_iq4u3")

[node name="Rocks" type="Node3D" parent="."]

[node name="Rock_1" parent="Rocks" instance=ExtResource("1_wjjfs")]
transform = Transform3D(0.512028, 0, 0.858969, 0, 1, 0, -0.858969, 0, 0.512028, -0.554648, -0.00492722, 0.408688)

[node name="Rock_2" parent="Rocks" instance=ExtResource("1_wjjfs")]
transform = Transform3D(0.41463, 0, 0.90999, 0, 1, 0, -0.90999, 0, 0.41463, -0.824904, -0.00492722, -0.368762)

[node name="Rock_3" parent="Rocks" instance=ExtResource("1_wjjfs")]
transform = Transform3D(-0.826039, 0, 0.563613, 0, 1, 0, -0.563613, 0, -0.826039, -1.39498, -0.00492722, 0.0337727)

[node name="Trees" type="Node3D" parent="."]

[node name="BirchTree_1" parent="Trees" instance=ExtResource("2_2haqv")]
transform = Transform3D(1, 0, 0, 0, 1, 0, 0, 0, 1, -2.12717, 1.19209e-07, 2.57642)

[node name="BirchTree_4" parent="Trees" instance=ExtResource("2_2haqv")]
transform = Transform3D(1, 0, 0, 0, 1, 0, 0, 0, 1, -6.33551, 1.19209e-07, -2.27139)

[node name="BirchTree_5" parent="Trees" instance=ExtResource("2_2haqv")]
transform = Transform3D(0.0083426, 0, -0.999965, 0, 1, 0, 0.999965, 0, 0.0083426, -5.05908, 1.19209e-07, -4.19542)

[node name="BirchTree_2" parent="Trees" instance=ExtResource("2_2haqv")]
transform = Transform3D(-0.8308, 0, -0.556571, 0, 1, 0, 0.556571, 0, -0.8308, -3.70405, 1.19209e-07, -1.22086)

[node name="BirchTree_3" parent="Trees" instance=ExtResource("2_2haqv")]
transform = Transform3D(0.195809, 0, -0.980642, 0, 1, 0, 0.980642, 0, 0.195809, -4.30043, 1.19209e-07, 1.05569)

[node name="PineTree_4" parent="Trees" instance=ExtResource("3_vfwnh")]
transform = Transform3D(1.5, 0, 0, 0, 1.5, 0, 0, 0, 1.5, -1.90254, 0.000999928, -1.51468)

[node name="PineTree_5" parent="Trees" instance=ExtResource("3_vfwnh")]
transform = Transform3D(-0.658729, 0, -0.75238, 0, 1, 0, 0.75238, 0, -0.658729, -3.50758, 0.000999928, 2.307)

[node name="Trees2" type="Node3D" parent="."]
transform = Transform3D(0.740769, 0, 0.671759, 0, 1, 0, -0.671759, 0, 0.740769, -4.95149, 0, 8.05143)

[node name="BirchTree_1" parent="Trees2" instance=ExtResource("2_2haqv")]
transform = Transform3D(1, 0, 0, 0, 1, 0, 0, 0, 1, -2.12717, 1.19209e-07, 2.57642)

[node name="BirchTree_4" parent="Trees2" instance=ExtResource("2_2haqv")]
transform = Transform3D(1, 0, 0, 0, 1, 0, 0, 0, 1, -6.33551, 1.19209e-07, -2.27139)

[node name="BirchTree_5" parent="Trees2" instance=ExtResource("2_2haqv")]
transform = Transform3D(0.0083426, 0, -0.999965, 0, 1, 0, 0.999965, 0, 0.0083426, -5.05908, 1.19209e-07, -4.19542)

[node name="BirchTree_2" parent="Trees2" instance=ExtResource("2_2haqv")]
transform = Transform3D(-0.8308, 0, -0.556571, 0, 1, 0, 0.556571, 0, -0.8308, -3.70405, 1.19209e-07, -1.22086)

[node name="BirchTree_3" parent="Trees2" instance=ExtResource("2_2haqv")]
transform = Transform3D(0.195809, 0, -0.980642, 0, 1, 0, 0.980642, 0, 0.195809, -4.30043, 1.19209e-07, 1.05569)

[node name="PineTree_4" parent="Trees2" instance=ExtResource("3_vfwnh")]
transform = Transform3D(1, 0, 0, 0, 1, 0, 0, 0, 1, -1.90254, 0.000999928, -1.51468)

[node name="PineTree_5" parent="Trees2" instance=ExtResource("3_vfwnh")]
transform = Transform3D(-0.658729, 0, -0.75238, 0, 1, 0, 0.75238, 0, -0.658729, -3.50758, 0.000999928, 2.307)

[node name="Trees3" type="Node3D" parent="."]
transform = Transform3D(0.566377, 0, -0.824146, 0, 1, 0, 0.824146, 0, 0.566377, -7.59654, 0, -11.3741)

[node name="BirchTree_1" parent="Trees3" instance=ExtResource("2_2haqv")]
transform = Transform3D(1, 0, 0, 0, 1, 0, 0, 0, 1, -2.12717, 1.19209e-07, 2.57642)

[node name="BirchTree_4" parent="Trees3" instance=ExtResource("2_2haqv")]
transform = Transform3D(1, 0, 0, 0, 1, 0, 0, 0, 1, -6.33551, 1.19209e-07, -2.27139)

[node name="BirchTree_5" parent="Trees3" instance=ExtResource("2_2haqv")]
transform = Transform3D(0.0083426, 0, -0.999965, 0, 1, 0, 0.999965, 0, 0.0083426, -5.05908, 1.19209e-07, -4.19542)

[node name="BirchTree_2" parent="Trees3" instance=ExtResource("2_2haqv")]
transform = Transform3D(-0.8308, 0, -0.556571, 0, 1, 0, 0.556571, 0, -0.8308, -3.70405, 1.19209e-07, -1.22086)

[node name="BirchTree_3" parent="Trees3" instance=ExtResource("2_2haqv")]
transform = Transform3D(0.195809, 0, -0.980642, 0, 1, 0, 0.980642, 0, 0.195809, -4.30043, 1.19209e-07, 1.05569)

[node name="PineTree_4" parent="Trees3" instance=ExtResource("3_vfwnh")]
transform = Transform3D(1, 0, 0, 0, 1, 0, 0, 0, 1, -1.90254, 0.000999928, -1.51468)

[node name="PineTree_5" parent="Trees3" instance=ExtResource("3_vfwnh")]
transform = Transform3D(-0.658729, 0, -0.75238, 0, 1, 0, 0.75238, 0, -0.658729, -3.50758, 0.000999928, 2.307)

[node name="Trees4" type="Node3D" parent="."]
transform = Transform3D(0.930257, 0, -0.366907, 0, 1, 0, 0.366907, 0, 0.930257, -8.2946, 0, -5.23324)

[node name="BirchTree_1" parent="Trees4" instance=ExtResource("2_2haqv")]
transform = Transform3D(1, 0, 0, 0, 1, 0, 0, 0, 1, -2.12717, 1.19209e-07, 2.57642)

[node name="BirchTree_4" parent="Trees4" instance=ExtResource("2_2haqv")]
transform = Transform3D(1, 0, 0, 0, 1, 0, 0, 0, 1, -6.33551, 1.19209e-07, -2.27139)

[node name="BirchTree_5" parent="Trees4" instance=ExtResource("2_2haqv")]
transform = Transform3D(0.00834259, 0, -0.999965, 0, 1, 0, 0.999965, 0, 0.00834259, -1.71023, 1.19209e-07, 6.40348)

[node name="BirchTree_2" parent="Trees4" instance=ExtResource("2_2haqv")]
transform = Transform3D(-0.8308, 0, -0.556571, 0, 1, 0, 0.556571, 0, -0.8308, -3.70405, 1.19209e-07, -1.22086)

[node name="BirchTree_3" parent="Trees4" instance=ExtResource("2_2haqv")]
transform = Transform3D(0.195809, 0, -0.980642, 0, 1, 0, 0.980642, 0, 0.195809, -4.30043, 1.19209e-07, 1.05569)

[node name="PineTree_4" parent="Trees4" instance=ExtResource("3_vfwnh")]
transform = Transform3D(1, 0, 0, 0, 1, 0, 0, 0, 1, -1.90254, 0.000999928, -1.51468)

[node name="PineTree_5" parent="Trees4" instance=ExtResource("3_vfwnh")]
transform = Transform3D(-0.658729, 0, -0.75238, 0, 1, 0, 0.75238, 0, -0.658729, -3.50758, 0.000999928, 2.307)

[node name="Trees5" type="Node3D" parent="."]
transform = Transform3D(0.930257, 0, -0.366907, 0, 1, 0, 0.366907, 0, 0.930257, -8.2946, 0, -9.5136)

[node name="BirchTree_1" parent="Trees5" instance=ExtResource("2_2haqv")]
transform = Transform3D(1, 0, 0, 0, 1, 0, 0, 0, 1, -2.12717, 1.19209e-07, 2.57642)

[node name="BirchTree_4" parent="Trees5" instance=ExtResource("2_2haqv")]
transform = Transform3D(1, 0, 0, 0, 1, 0, 0, 0, 1, -6.33551, 1.19209e-07, -2.27139)

[node name="BirchTree_5" parent="Trees5" instance=ExtResource("2_2haqv")]
transform = Transform3D(0.00834259, 0, -0.999965, 0, 1, 0, 0.999965, 0, 0.00834259, -1.71023, 1.19209e-07, 6.40348)

[node name="BirchTree_2" parent="Trees5" instance=ExtResource("2_2haqv")]
transform = Transform3D(-0.8308, 0, -0.556571, 0, 1, 0, 0.556571, 0, -0.8308, -3.70405, 1.19209e-07, -1.22086)

[node name="BirchTree_3" parent="Trees5" instance=ExtResource("2_2haqv")]
transform = Transform3D(0.195809, 0, -0.980642, 0, 1, 0, 0.980642, 0, 0.195809, -4.30043, 1.19209e-07, 1.05569)

[node name="PineTree_4" parent="Trees5" instance=ExtResource("3_vfwnh")]
transform = Transform3D(1, 0, 0, 0, 1, 0, 0, 0, 1, -1.90254, 0.000999928, -1.51468)

[node name="PineTree_5" parent="Trees5" instance=ExtResource("3_vfwnh")]
transform = Transform3D(-0.658729, 0, -0.75238, 0, 1, 0, 0.75238, 0, -0.658729, -3.50758, 0.000999928, 2.307)

[node name="Camera3D" type="Camera3D" parent="."]
transform = Transform3D(-0.0512553, 0, 0.998686, 0, 1, 0, -0.998686, 0, -0.0512553, 2.7653, 1.38128, 0)

[node name="WorldEnvironment" parent="." instance=ExtResource("4_abgpw")]

[node name="DirectionalLight3D" parent="WorldEnvironment" index="0"]
transform = Transform3D(0.658256, 0.29844, 0.69111, -0.752794, 0.260961, 0.604318, 0, -0.918059, 0.396443, 0, 4.1748, 5.95631)
light_energy = 6.448

[editable path="WorldEnvironment"]
